service_id,date,exception_type
203780007,20191223,2
203780007,20191224,2
203780007,20191225,2
203780007,20191226,2
203780007,20191227,2
203780007,20191230,2
203780007,20191231,2
203780007,20200101,2
203780007,20200102,2
203780007,20200103,2
199756603,20191225,1
199756603,20200101,1
203944053,20191225,2
203944053,20191231,2
203944053,20200101,2
191402000,20191223,2
191402000,20191224,2
191402000,20191225,2
191402000,20191226,2
191402000,20191227,2
191402000,20191230,2
191402000,20191231,2
191402000,20200101,2
191402000,20200102,2
191402000,20200103,2
191404600,20191225,1
203983051,20191225,2
203983051,20191231,2
203983051,20200101,2
204789606,20200101,1
191405600,20191225,1
191405600,20200101,1
203984051,20191225,2
203984051,20191231,2
203984051,20200101,2
199721001,20191223,2
199721001,20191224,2
199721001,20191225,2
199721001,20191226,2
199721001,20191227,2
199721001,20191230,2
199721001,20191231,2
199721001,20200101,2
199721001,20200102,2
199721001,20200103,2
191771600,20191225,1
191771600,20200101,1
203985051,20191225,2
203985051,20191231,2
203985051,20200101,2
199722002,20191223,2
199722002,20191224,2
199722002,20191225,2
199722002,20191226,2
199722002,20191227,2
199722002,20191230,2
199722002,20191231,2
199722002,20200101,2
199722002,20200102,2
199722002,20200103,2
191101600,20191225,1
191101600,20200101,1
203742051,20191225,2
203742051,20191231,2
203742051,20200101,2
191084000,20191223,2
191084000,20191224,2
191084000,20191225,2
191084000,20191226,2
191084000,20191227,2
191084000,20191230,2
191084000,20191231,2
191084000,20200101,2
191084000,20200102,2
191084000,20200103,2
191058600,20191225,1
191058600,20200101,1
203988051,20191225,2
203988051,20191231,2
203988051,20200101,2
191085000,20191218,2
191085000,20191223,2
191085000,20191224,2
191085000,20191225,2
191085000,20191226,2
191085000,20191227,2
191085000,20191230,2
191085000,20191231,2
191085000,20200101,2
191085000,20200102,2
191085000,20200103,2
191085000,20200108,2
191808070,20191219,2
191808070,20191220,2
191808070,20191223,2
191808070,20191224,2
191808070,20191225,2
191808070,20191226,2
191808070,20191227,2
191808070,20191230,2
191808070,20191231,2
191808070,20200101,2
191808070,20200102,2
191808070,20200103,2
191808070,20200106,2
191808070,20200107,2
191059600,20191225,1
191059600,20200101,1
203990051,20191225,2
203990051,20191231,2
203990051,20200101,2
191772600,20191225,1
191772600,20200101,1
203986051,20191225,2
203986051,20191231,2
203986051,20200101,2
201169002,20191223,2
201169002,20191224,2
201169002,20191225,2
201169002,20191226,2
201169002,20191227,2
201169002,20191230,2
201169002,20191231,2
201169002,20200101,2
201169002,20200102,2
201169002,20200103,2
191030600,20191225,1
191030600,20200101,1
203625051,20191225,2
203625051,20191231,2
203625051,20200101,2
193689002,20191218,2
191423600,20191225,1
191423600,20200101,1
203996051,20191225,2
203996051,20191231,2
203996051,20200101,2
204655012,20200108,2
201882604,20191225,1
201882604,20200101,1
203998051,20191225,2
203998051,20191231,2
203998051,20200101,2
193573001,20191223,2
193573001,20191224,2
193573001,20191225,2
193573001,20191226,2
193573001,20191227,2
193573001,20191230,2
193573001,20191231,2
193573001,20200101,2
193573001,20200102,2
193573001,20200103,2
191099600,20191225,1
191099600,20200101,1
203663051,20191225,2
203663051,20191231,2
203663051,20200101,2
199724001,20191223,2
199724001,20191224,2
199724001,20191225,2
199724001,20191226,2
199724001,20191227,2
199724001,20191230,2
199724001,20191231,2
199724001,20200101,2
199724001,20200102,2
199724001,20200103,2
191100600,20191225,1
191100600,20200101,1
203624051,20191225,2
203624051,20191231,2
203624051,20200101,2
199508004,20191223,2
199508004,20191224,2
199508004,20191225,2
199508004,20191226,2
199508004,20191227,2
199508004,20191230,2
199508004,20191231,2
199508004,20200101,2
199508004,20200102,2
199508004,20200103,2
191027600,20191225,1
191027600,20200101,1
203754051,20191225,2
203754051,20191231,2
203754051,20200101,2
191394600,20191225,1
191394600,20200101,1
201004051,20191225,2
201004051,20191231,2
201004051,20200101,2
192303000,20191223,2
192303000,20191224,2
192303000,20191225,2
192303000,20191226,2
192303000,20191227,2
192303000,20191230,2
192303000,20191231,2
192303000,20200101,2
192303000,20200102,2
192303000,20200103,2
191992600,20191225,1
191992600,20200101,1
201241051,20191225,2
201241051,20191231,2
201241051,20200101,2
203726008,20191218,2
203734610,20191225,1
203734610,20200101,1
204232073,20191225,2
204232073,20191227,2
204232073,20191231,2
204232073,20200101,2
204266073,20191230,2
204266073,20191231,2
204266073,20200101,2
204266073,20200102,2
204009071,20191225,2
204009071,20191226,2
204009071,20191227,2
204244612,20191229,2
204244612,20191225,1
204244612,20200101,1
204022071,20191227,2
204022071,20191230,2
204022071,20191231,2
204022071,20200101,2
204025070,20191230,2
204025070,20191231,2
204025070,20200101,2
204025070,20200102,2
202558011,20191218,2
204238073,20191225,2
204238073,20191227,2
204238073,20191231,2
204238073,20200101,2
204526612,20191229,2
204526612,20191225,1
204526612,20200101,1
204520073,20191230,2
204520073,20191231,2
204520073,20200101,2
204520073,20200102,2
204734015,20200108,2
203940006,20191218,2
203940006,20191220,2
203940006,20191223,2
203940006,20191224,2
203940006,20191225,2
203940006,20191226,2
203940006,20191227,2
203940006,20191230,2
203940006,20191231,2
203940006,20200101,2
203940006,20200102,2
203940006,20200103,2
203940006,20200108,2
203950035,20191219,2
203950035,20191220,2
203950035,20191223,2
203950035,20191224,2
203950035,20191225,2
203950035,20191226,2
203950035,20191227,2
203950035,20191230,2
203950035,20191231,2
203950035,20200101,2
203950035,20200102,2
203950035,20200103,2
203950035,20200106,2
203950035,20200107,2
203948054,20191223,2
203948054,20191224,2
203948054,20191225,2
203948054,20191226,2
203948054,20191227,2
203948054,20191230,2
203948054,20191231,2
203948054,20200101,2
203948054,20200102,2
203948054,20200103,2
203948054,20200106,2
203948054,20200107,2
203948054,20200108,2
203948054,20200109,2
203965072,20191225,2
203965072,20191227,2
203965072,20191231,2
203965072,20200101,2
204241611,20191229,2
204241611,20191225,1
204241611,20200101,1
203967082,20191230,2
203967082,20191231,2
203967082,20200101,2
203967082,20200102,2
203643005,20191218,2
203646605,20191225,1
204624073,20191225,2
204779074,20200101,2
204791607,20200101,1
204773007,20200108,2
