service_id,monday,tuesday,wednesday,thursday,friday,saturday,sunday,start_date,end_date
203780007,1,1,1,1,1,0,0,20191216,20200110
199754504,0,0,0,0,0,1,0,20191221,20200111
199756603,0,0,0,0,0,0,1,20191222,20200112
203944053,1,1,1,1,1,0,0,20191223,20200103
203677052,1,1,1,1,1,0,0,20191231,20191231
191402000,1,1,1,1,1,0,0,20191216,20200110
191461500,0,0,0,0,0,1,0,20191221,20200111
191404600,0,0,0,0,0,0,1,20191222,20200112
203983051,1,1,1,1,1,0,0,20191223,20200103
204694052,1,1,1,1,1,0,0,20191231,20191231
204789606,0,0,0,0,0,0,1,20200101,20200101
191403000,1,1,1,1,1,0,0,20191216,20191220
191462500,0,0,0,0,0,1,0,20191221,20200104
191405600,0,0,0,0,0,0,1,20191222,20200105
203984051,1,1,1,1,1,0,0,20191223,20200103
204693052,1,1,1,1,1,0,0,20191231,20191231
204674001,1,1,1,1,1,0,0,20200106,20200110
204675503,0,0,0,0,0,1,0,20200111,20200111
204676603,0,0,0,0,0,0,1,20200112,20200112
199721001,1,1,1,1,1,0,0,20191216,20200110
191929500,0,0,0,0,0,1,0,20191221,20200111
191771600,0,0,0,0,0,0,1,20191222,20200112
203985051,1,1,1,1,1,0,0,20191223,20200103
204692052,1,1,1,1,1,0,0,20191231,20191231
199722002,1,1,1,1,1,0,0,20191216,20200110
191168501,0,0,0,0,0,1,0,20191221,20200111
191101600,0,0,0,0,0,0,1,20191222,20200112
203742051,1,1,1,1,1,0,0,20191223,20200103
204328052,1,1,1,1,1,0,0,20191231,20191231
191084000,1,1,1,1,1,0,0,20191216,20200110
191061500,0,0,0,0,0,1,0,20191221,20200111
191058600,0,0,0,0,0,0,1,20191222,20200112
203988051,1,1,1,1,1,0,0,20191223,20200103
204272052,1,1,1,1,1,0,0,20191231,20191231
203544008,1,1,1,1,1,0,0,20191216,20191216
191085000,1,1,1,1,1,0,0,20191217,20200110
191808070,1,1,1,1,1,0,0,20191218,20200108
191060500,0,0,0,0,0,1,0,20191221,20200111
191059600,0,0,0,0,0,0,1,20191222,20200112
203990051,1,1,1,1,1,0,0,20191223,20200103
204274052,1,1,1,1,1,0,0,20191231,20191231
199723002,1,1,1,1,1,0,0,20191216,20191220
191928500,0,0,0,0,0,1,0,20191221,20200111
191772600,0,0,0,0,0,0,1,20191222,20200112
203986051,1,1,1,1,1,0,0,20191223,20200103
204691052,1,1,1,1,1,0,0,20191231,20191231
204677003,1,1,1,1,1,0,0,20200106,20200110
201169002,1,1,1,1,1,0,0,20191216,20200110
191038500,0,0,0,0,0,1,0,20191221,20200111
191030600,0,0,0,0,0,0,1,20191222,20200112
203625051,1,1,1,1,1,0,0,20191223,20200103
204329053,1,1,1,1,1,0,0,20191231,20191231
203590011,1,1,1,1,1,0,0,20191216,20191216
193689002,1,1,1,1,1,0,0,20191217,20191220
193691071,1,1,1,1,1,0,0,20191218,20191218
191467500,0,0,0,0,0,1,0,20191221,20200104
191423600,0,0,0,0,0,0,1,20191222,20200105
203996051,1,1,1,1,1,0,0,20191223,20200103
204286052,1,1,1,1,1,0,0,20191231,20191231
204655012,1,1,1,1,1,0,0,20200106,20200110
204657075,1,1,1,1,1,0,0,20200108,20200108
204660505,0,0,0,0,0,1,0,20200111,20200111
204668605,0,0,0,0,0,0,1,20200112,20200112
201886004,1,1,1,1,1,0,0,20191216,20191220
201884505,0,0,0,0,0,1,0,20191221,20200104
201882604,0,0,0,0,0,0,1,20191222,20200105
203998051,1,1,1,1,1,0,0,20191223,20200103
204312052,1,1,1,1,1,0,0,20191231,20191231
204281006,1,1,1,1,1,0,0,20200106,20200110
204635506,0,0,0,0,0,1,0,20200111,20200111
204633605,0,0,0,0,0,0,1,20200112,20200112
193573001,1,1,1,1,1,0,0,20191216,20200110
191170500,0,0,0,0,0,1,0,20191221,20200111
191099600,0,0,0,0,0,0,1,20191222,20200112
203663051,1,1,1,1,1,0,0,20191223,20200103
204330052,1,1,1,1,1,0,0,20191231,20191231
199724001,1,1,1,1,1,0,0,20191216,20200110
191171500,0,0,0,0,0,1,0,20191221,20200111
191100600,0,0,0,0,0,0,1,20191222,20200112
203624051,1,1,1,1,1,0,0,20191223,20200103
204332052,1,1,1,1,1,0,0,20191231,20191231
199508004,1,1,1,1,1,0,0,20191216,20200110
191052500,0,0,0,0,0,1,0,20191221,20200111
191027600,0,0,0,0,0,0,1,20191222,20200112
203754051,1,1,1,1,1,0,0,20191223,20200103
204331052,1,1,1,1,1,0,0,20191231,20191231
191479000,1,1,1,1,1,0,0,20191216,20191220
191452501,0,0,0,0,0,1,0,20191221,20200104
191394600,0,0,0,0,0,0,1,20191222,20200105
201004051,1,1,1,1,1,0,0,20191223,20200103
204314052,1,1,1,1,1,0,0,20191231,20191231
204283007,1,1,1,1,1,0,0,20200106,20200110
204642506,0,0,0,0,0,1,0,20200111,20200111
204644603,0,0,0,0,0,0,1,20200112,20200112
192303000,1,1,1,1,1,0,0,20191216,20200110
191994500,0,0,0,0,0,1,0,20191221,20200111
191992600,0,0,0,0,0,0,1,20191222,20200112
201241051,1,1,1,1,1,0,0,20191223,20200103
204117052,1,1,1,1,1,0,0,20191231,20191231
203726008,1,1,1,1,1,0,0,20191216,20191219
203730037,1,1,1,1,1,0,0,20191218,20191218
203732056,1,1,1,1,1,0,0,20191220,20191220
203809513,0,0,0,0,0,1,0,20191221,20191228
203734610,0,0,0,0,0,0,1,20191222,20200105
204232073,1,1,1,1,1,0,0,20191223,20200102
204266073,1,1,1,1,1,0,0,20191227,20200103
204782074,1,1,1,1,1,0,0,20191231,20191231
203735512,0,0,0,0,0,1,0,20200104,20200104
204754010,1,1,1,1,1,0,0,20200106,20200107
204763039,1,1,1,1,1,0,0,20200108,20200108
204795011,1,1,1,1,1,0,0,20200109,20200109
204764057,1,1,1,1,1,0,0,20200110,20200110
204762514,0,0,0,0,0,1,0,20200111,20200111
204765611,0,0,0,0,0,0,1,20200112,20200112
203708006,1,1,1,1,1,0,0,20191216,20191217
203710035,1,1,1,1,1,0,0,20191218,20191218
203712066,1,1,1,1,1,0,0,20191219,20191219
203714056,1,1,1,1,1,0,0,20191220,20191220
203992511,0,0,0,0,0,1,0,20191221,20200104
203994611,0,0,0,0,0,0,1,20191222,20200105
204009071,1,1,1,1,1,0,0,20191223,20191230
204244612,0,0,0,0,0,0,1,20191225,20200101
204022071,1,1,1,1,1,0,0,20191226,20200102
204025070,1,1,1,1,1,0,0,20191227,20200103
204626072,1,1,1,1,1,0,0,20191231,20191231
204646008,1,1,1,1,1,0,0,20200106,20200107
204653037,1,1,1,1,1,0,0,20200108,20200108
204662069,1,1,1,1,1,0,0,20200109,20200109
204672059,1,1,1,1,1,0,0,20200110,20200110
204681512,0,0,0,0,0,1,0,20200111,20200111
204684613,0,0,0,0,0,0,1,20200112,20200112
202558011,1,1,1,1,1,0,0,20191216,20191219
202570037,1,1,1,1,1,0,0,20191218,20191218
202787057,1,1,1,1,1,0,0,20191220,20191220
204522510,0,0,0,0,0,1,0,20191221,20200111
204524611,0,0,0,0,0,0,1,20191222,20200112
204238073,1,1,1,1,1,0,0,20191223,20200102
204526612,0,0,0,0,0,0,1,20191225,20200101
204520073,1,1,1,1,1,0,0,20191227,20200103
204728074,1,1,1,1,1,0,0,20191231,20191231
204734015,1,1,1,1,1,0,0,20200106,20200109
204767039,1,1,1,1,1,0,0,20200108,20200108
204769061,1,1,1,1,1,0,0,20200110,20200110
203940006,1,1,1,1,1,0,0,20191216,20200109
203950035,1,1,1,1,1,0,0,20191218,20200108
203948054,1,1,1,1,1,0,0,20191220,20200110
203946509,0,0,0,0,0,1,0,20191221,20200111
203942609,0,0,0,0,0,0,1,20191222,20200112
203965072,1,1,1,1,1,0,0,20191223,20200102
204241611,0,0,0,0,0,0,1,20191225,20200101
203967082,1,1,1,1,1,0,0,20191227,20200103
204715074,1,1,1,1,1,0,0,20191231,20191231
203643005,1,1,1,1,1,0,0,20191216,20191220
203644035,1,1,1,1,1,0,0,20191218,20191218
203645508,0,0,0,0,0,1,0,20191221,20191228
203646605,0,0,0,0,0,0,1,20191222,20191229
204624073,1,1,1,1,1,0,0,20191223,20191227
204779074,1,1,1,1,1,0,0,20191230,20200103
204791607,0,0,0,0,0,0,1,20200101,20200112
204787510,0,0,0,0,0,1,0,20200104,20200111
204773007,1,1,1,1,1,0,0,20200106,20200110
204775037,1,1,1,1,1,0,0,20200108,20200108
191727501,0,0,0,0,0,1,0,20191221,20191228
191726001,1,1,1,1,1,0,0,20200109,20200109
